10 10
0.977273 0.186919 0.189392 0.521786 0.868484 0.505716 0.805708 0.786335 0.871542 0.285732
0.715428 0.453755 0.755670 0.617441 0.775208 0.180445 0.665540 0.420846 0.357436 0.982954
0.250696 0.831550 0.055761 0.215607 0.900681 0.768098 0.135506 0.936509 0.502880 0.858280
0.892729 0.966653 0.232688 0.240752 0.456295 0.176884 0.639004 0.434823 0.476123 0.419168
0.234567 0.193295 0.400553 0.829266 0.425661 0.807520 0.313968 0.099491 0.041238 0.701671
0.165089 0.651851 0.066915 0.975421 0.018875 0.845609 0.896348 0.933186 0.825517 0.501422
0.475663 0.873383 0.097772 0.987815 0.222584 0.559917 0.797692 0.284845 0.141366 0.966125
0.261948 0.656588 0.572530 0.235124 0.898299 0.386848 0.560797 0.334585 0.212518 0.599125
0.944992 0.687419 0.976985 0.799356 0.350653 0.319484 0.192834 0.594555 0.564005 0.141167
0.671300 0.197737 0.929669 0.300186 0.062126 0.198630 0.508808 0.889816 0.417336 0.047556
